beta
-0.0202
   -0.0103
   -0.0339
    0.0142
   -0.0054
   -0.0024
    0.0035
    0.0046
    0.0021
    0.0038
    0.0150
    0.0117
    0.0160
   -0.0011
    0.0063
   -0.0023
   -0.0144
   -0.0147
   -0.0187
   -0.0037
   -0.0136
   -0.0300
   -0.0145
    0.0020
   -0.0198
   -0.0077
   -0.0113
   -0.0399
   -0.0103
   -0.0020
   -0.0149
   -0.0065
   -0.0019
   -0.0023
    0.0055
   -0.0142
    0.0038
   -0.0097
   -0.0042
   0.0026
    0.0128
   -0.0137
    0.0529
   -0.0278
   -0.0084
    0.0157
    0.0408
    0.0239
    0.0008
    0.0418
    0.0313
    0.0004
    0.0150
   -0.0375
    0.0151
    0.0283
   -0.0110
    0.0101
   -0.0311
    0.0026
   -0.0259
   -0.0052
    0.0001
    0.0064
    0.0163
   -0.0045
    0.0069
    0.0279
    0.0516
    0.0119
    0.0431
    0.0207
    0.0152
    0.0421
   -0.0004
    0.0006
    0.0100
   -0.0410