beta
0.0050
   -0.0219
    0.0050
    0.0190
   -0.0170
   -0.0016
    0.0072
   -0.0167
   -0.0203
    0.0089
   -0.0152
   -0.0147
   -0.0065
   -0.0069
   -0.0143
   -0.0077
    0.0048
    0.0044
   -0.0043
    0.0065
    0.0212
   -0.0078
   -0.0002
    0.0076
    0.0031
   -0.0155
   -0.0046
    0.0085
   -0.0100
   -0.0236
   -0.0062
    0.0104
   -0.0062
   -0.0053
   -0.0103
    0.0004
    0.0034
   -0.0071
   -0.0142
   0.0234
    0.0010
   -0.0185
    0.0418
    0.0083
    0.0330
    0.0006
   -0.0129
   -0.0010
    0.0132
    0.0433
    0.0218
    0.0243
    0.0378
   -0.0130
    0.0580
    0.0154
    0.0030
    0.0332
    0.0395
    0.0027
    0.0107
    0.0182
    0.0179
    0.0094
    0.0046
    0.0348
   -0.0121
    0.0398
    0.0405
    0.0082
    0.0197
    0.0133
    0.0086
    0.0238
    0.0298
    0.0063
   -0.0184
    0.0138